Start	End	Cen
642	655	653
655	669	654
673	690	683
690	720	711
720	746	737
755	785	773
785	817	792
828	860	839
871	893	887
893	924	914
924	939	927
939	957	942
957	986	978
986	1017	993
1017	1047	1040
1047	1069	1058
1069	1083	1078
1083	1129	1116
1129	1159	1147
1159	1187	1174
1187	1219	1210
1219	1236	1229
1236	1269	1244
1269	1294	1277
1294	1316	1304
1316	1335	1325
1335	1373	1353
1373	1404	1396
1404	1416	1407
1416	1425	1419
1425	1440	1435
1440	1461	1449
1461	1477	1470
1477	1505	1492
1505	1519	1511
1519	1536	1525
1536	1563	1544
1563	1597	1578
1597	1617	1607
1617	1630	1623
1630	1651	1638
1651	1667	1657
1667	1681	1673
1681	1700	1689
1700	1719	1708
1719	1743	1733
1743	1772	1761
1772	1785	1778
1785	1802	1792
1802	1820	1813
1820	1838	1829
1838	1855	1846
1855	1904	1864
1904	1929	1917
1929	1955	1938
1955	1988	1967
1988	2006	1996
2006	2024	2016
2024	2042	2034
2042	2048	2047
